1,"matrix([1,-3,-1],[-3,2,-1],[3,5,4]);matrix([1],[-1],[1]);matrix([-5],[-1],[-2]);matrix()"
2,"matrix([1,2,-1],[-3,0,-2],[2,3,0]);matrix([-1],[-1],[1]);matrix([-2],[-1],[-3]);matrix()"
3,"matrix([1,3,-1],[5,5,-2],[2,-3,0]);matrix([-2],[0],[1]);matrix([-1],[-2],[-3]);matrix()"
4,"matrix([1,-3,2],[7,3,1],[-2,-3,-2]);matrix([-2],[2],[1]);matrix([-1],[-2],[-3]);matrix()"
5,"matrix([1,-3,5],[-2,4,-1],[0,-2,1]);matrix([2],[-1],[4]);matrix([-2],[-1],[-4]);matrix()"
6,"matrix([1,-4,5],[2,3,-1],[-4,-2,-2]);matrix([-2],[-1],[3]);matrix([-8],[0],[-2]);matrix()"
7,"matrix([4,-4,5],[5,-1,0],[-4,-2,-1]);matrix([2],[10],[3]);matrix([-1],[-1],[-5]);matrix()"
8,"matrix([-4,-6,5],[3,0,-4],[-1,2,-7]);matrix([8],[-1],[-3]);matrix([-1],[-3],[-5]);matrix()"
9,"matrix([2,-5,-3],[4,6,-6],[2,3,-1]);matrix([-4],[-2],[3]);matrix([-1],[-3],[-1]);matrix()"
10,"matrix([1,-4,-3],[4,6,6],[2,3,-1]);matrix([4],[-2],[1]);matrix([-1],[-1],[-1]);matrix()"
11,"matrix([-2,7,-3],[-3,4,-6],[13,3,2]);matrix([-1],[-2],[-3]);matrix([-1],[-7],[-1]);matrix()"
12,"matrix([5,-4,-1],[1,-4,-2],[-9,3,2]);matrix([0],[-2],[-6]);matrix([-1],[-2],[-6]);matrix()"
13,"matrix([2,8,-3],[3,6,-6],[2,3,1]);matrix([-4],[-5],[1]);matrix([-1],[-2],[-2]);matrix()"
14,"matrix([2,7,-3],[3,4,-6],[2,3,2]);matrix([4],[5],[-1]);matrix([-1],[-2],[-2]);matrix()"
15,"matrix([3,2,4],[11,-2,0],[-8,-3,-1]);matrix([2],[-8],[-4]);matrix([-2],[0],[-5]);matrix()"
16,"matrix([-5,16,3],[0,-6,0],[4,0,-1]);matrix([-3],[11],[4]);matrix([-2],[0],[-1]);matrix()"
17,"matrix([-4,12,0],[1,-3,5],[-6,2,1]);matrix([0],[9],[-4]);matrix([-5],[-3],[-1]);matrix()"
18,"matrix([4,12,-7],[-1,-5,3],[-9,3,-1]);matrix([-2],[8],[14]);matrix([-5],[-2],[-1]);matrix()"
19,"matrix([1,6,-4],[-1,4,7],[-1,-4,6]);matrix([-4],[4],[8]);matrix([-6],[-1],[-5]);matrix()"
20,"matrix([-7,-2,-3],[-1,-2,-7],[-3,14,0]);matrix([-1],[3],[0]);matrix([-4],[-1],[-2]);matrix()"
21,"matrix([1,-1,2],[3,0,1],[2,-2,0]);matrix([-1],[2],[0]);matrix([-1],[-1],[-4]);matrix()"
22,"matrix([-3,-1,2],[2,-2,1],[0,3,1]);matrix([0],[-2],[-3]);matrix([-2],[-1],[-1]);matrix()"
23,"matrix([-4,-2,1],[1,0,1],[2,-3,4]);matrix([1],[-1],[0]);matrix([-1],[-1],[-5]);matrix()"
24,"matrix([1,0,1],[-2,1,-2],[0,-3,-1]);matrix([0],[-4],[1]);matrix([-2],[-2],[-1]);matrix()"
25,"matrix([-1,1,3],[2,-3,0],[4,-4,1]);matrix([1],[1],[-2]);matrix([-1],[-2],[-1]);matrix()"
26,"matrix([1,2,-2],[0,1,3],[4,-1,-1]);matrix([2],[3],[-1]);matrix([-1],[-2],[-4]);matrix()"
27,"matrix([0,-1,5],[4,-2,-3],[1,1,0]);matrix([-5],[1],[0]);matrix([-2],[-5],[-1]);matrix()"
28,"matrix([2,3,-4],[0,1,2],[-3,2,4]);matrix([-1],[1],[4]);matrix([-2],[-1],[-3]);matrix()"
29,"matrix([-1,1,-2],[2,3,-4],[0,1,0]);matrix([-1],[0],[4]);matrix([-5],[-1],[-1]);matrix()"
30,"matrix([7,0,1],[1,5,5],[2,0,-2]);matrix([1],[2],[-1]);matrix([-2],[-4],[-2]);matrix()"
