1,"matrix([4,-1,3],[5,2,-1],[1,-2,3]);matrix([3,4],[-2,1],[2,-2]);matrix([-1],[-4],[-2]);matrix([2],[1]);matrix()"
2,"matrix([5,2,5],[-1,1,-3],[-2,2,3]);matrix([4,-2],[1,0],[4,-4]);matrix([-1],[-3],[-1]);matrix([1],[2]);matrix()"
3,"matrix([1,5,5],[2,5,-2],[4,-3,2]);matrix([0,1],[4,4],[4,-3]);matrix([-3],[-1],[-1]);matrix([3],[1]);matrix()"
4,"matrix([5,1,3],[3,3,-3],[4,-1,-2]);matrix([4,2],[0,2],[2,-4]);matrix([-1],[-3],[-2]);matrix([3],[1]);matrix()"
5,"matrix([3,1,-3],[3,0,-1],[2,-1,2]);matrix([2,2],[0,-1],[-4,-2]);matrix([-2],[-3],[-5]);matrix([2],[1]);matrix()"
6,"matrix([3,-1,5],[0,-1,3],[3,5,4]);matrix([2,-1],[-2,-2],[4,2]);matrix([-2],[-4],[-1]);matrix([4],[5]);matrix()"
7,"matrix([-2,-2,0],[-3,5,-1],[4,-1,-1]);matrix([-3,-4],[-3,4],[-1,-2]);matrix([-5],[-5],[-4]);matrix([5],[1]);matrix()"
8,"matrix([-2,-2,2],[1,2,4],[-1,2,4]);matrix([-3,0],[-3,1],[1,3]);matrix([-5],[-5],[-2]);matrix([1],[4]);matrix()"
9,"matrix([4,5,3],[-2,2,2],[4,2,0]);matrix([-4,4],[-3,2],[-2,3]);matrix([-1],[-1],[-2]);matrix([2],[1]);matrix()"
10,"matrix([4,0,-3],[0,-1,4],[1,-2,-1]);matrix([3,-1],[-1,-2],[-4,3]);matrix([-1],[-4],[-5]);matrix([3],[1]);matrix()"
11,"matrix([2,2,2],[2,1,5],[4,-3,1]);matrix([1,1],[1,0],[1,4]);matrix([-3],[-2],[-2]);matrix([6],[3]);matrix()"
12,"matrix([0,5,2],[4,3,0],[5,3,-1]);matrix([-1,3],[4,2],[1,-1]);matrix([-3],[-1],[-2]);matrix([5],[1]);matrix()"
13,"matrix([5,-2,2],[-2,-2,5],[0,-1,-2]);matrix([4,-3],[-3,-3],[1,4]);matrix([-1],[-5],[-3]);matrix([3],[1]);matrix()"
14,"matrix([-1,-2,1],[2,2,-2],[-2,-1,0]);matrix([-2,1],[-3,1],[0,-3]);matrix([-4],[-4],[-3]);matrix([2],[3]);matrix()"
15,"matrix([-2,4,1],[2,5,3],[4,0,1]);matrix([-3,1],[3,4],[0,2]);matrix([-5],[-2],[-3]);matrix([5],[3]);matrix()"
16,"matrix([5,2,4],[4,3,-2],[-1,-3,4]);matrix([4,3],[1,2],[3,-3]);matrix([-1],[-2],[-1]);matrix([2],[5]);matrix()"
17,"matrix([0,4,1],[-1,3,1],[-1,2,2]);matrix([-1,-2],[3,2],[0,0]);matrix([-3],[-1],[-3]);matrix([1],[3]);matrix()"
18,"matrix([0,3,4],[-3,-1,2],[1,0,0]);matrix([-1,-4],[2,-2],[3,1]);matrix([-3],[-2],[-1]);matrix([4],[2]);matrix()"
19,"matrix([1,4,4],[0,2,-1],[-1,0,1]);matrix([0,-1],[3,1],[3,-2]);matrix([-3],[-1],[-1]);matrix([2],[3]);matrix()"
20,"matrix([2,-1,2],[1,0,5],[0,0,5]);matrix([1,0],[-2,-1],[1,4]);matrix([-3],[-4],[-2]);matrix([3],[5]);matrix()"
21,"matrix([4,-1,2],[-3,2,4],[-1,1,-1]);matrix([3,-4],[-2,1],[1,3]);matrix([-1],[-4],[-2]);matrix([2],[1]);matrix()"
22,"matrix([1,5,2],[5,-3,-2],[-1,-1,5]);matrix([0,4],[4,-4],[1,-3]);matrix([-3],[-1],[-3]);matrix([2],[6]);matrix()"
23,"matrix([5,4,1],[2,-1,-1],[-3,-3,1]);matrix([4,1],[3,-2],[0,-2]);matrix([-1],[-1],[-3]);matrix([1],[4]);matrix()"
24,"matrix([1,3,-1],[1,-1,0],[3,3,0]);matrix([0,0],[2,-2],[-2,-1]);matrix([-3],[-2],[-4]);matrix([4],[3]);matrix()"
25,"matrix([2,5,2],[4,5,4],[1,-1,0]);matrix([1,3],[4,4],[1,3]);matrix([-3],[-1],[-2]);matrix([4],[2]);matrix()"
26,"matrix([-1,-1,-3],[-3,-1,-2],[-3,0,2]);matrix([-2,-4],[-2,-2],[-4,-3]);matrix([-4],[-4],[-5]);matrix([1],[3]);matrix()"
27,"matrix([3,0,3],[2,2,3],[1,2,3]);matrix([2,1],[-1,1],[2,2]);matrix([-2],[-4],[-2]);matrix([2],[5]);matrix()"
28,"matrix([1,5,4],[5,2,-2],[4,4,-1]);matrix([0,4],[4,1],[3,-3]);matrix([-5],[-3],[-1]);matrix([5],[2]);matrix()"
29,"matrix([1,4,4],[-3,-1,3],[-1,0,1]);matrix([0,-4],[3,-2],[3,2]);matrix([-3],[-2],[-2]);matrix([2],[3]);matrix()"
30,"matrix([5,-3,0],[0,0,-1],[1,-1,-2]);matrix([4,-1],[-4,-1],[-1,-2]);matrix([-1],[-5],[-4]);matrix([4],[2]);matrix()"
