1,"matrix([-3,-3,1],[-1,1,1],[-4,2,-2]);matrix([-3],[-3],[1]);matrix([-6],[-6],[-2]);matrix()"
2,"matrix([2,-3,-1],[2,1,1],[-2,0,0]);matrix([2],[-3],[-1]);matrix([-2],[-6],[-4]);matrix()"
3,"matrix([-1,-4,1],[0,-3,-2],[1,-2,1]);matrix([-1],[-4],[1]);matrix([-4],[-6],[-2]);matrix()"
4,"matrix([-2,-2,-1],[0,2,2],[1,-2,2]);matrix([-2],[-2],[-1]);matrix([-5],[-5],[-4]);matrix()"
5,"matrix([-2,1,-2],[1,1,-1],[1,-2,-2]);matrix([-2],[1],[-2]);matrix([-5],[-2],[-5]);matrix()"
6,"matrix([-2,-4,1],[2,-4,-2],[-2,-1,1]);matrix([-2],[-4],[1]);matrix([-2],[-4],[-2]);matrix()"
7,"matrix([0,-3,2],[-2,2,0],[1,1,2]);matrix([0],[-3],[2]);matrix([-3],[-6],[-2]);matrix()"
8,"matrix([-2,0,-4],[-1,-4,-3],[-4,-2,0]);matrix([-2],[0],[-4]);matrix([-5],[-3],[6]);matrix()"
9,"matrix([1,1,-2],[2,-2,-1],[-1,-3,2]);matrix([1],[1],[-2]);matrix([-3],[-3],[-4]);matrix()"
10,"matrix([-2,1,-1],[-2,-3,-4],[0,1,-2]);matrix([-2],[1],[-1]);matrix([-4],[-3],[-4]);matrix()"
11,"matrix([2,-2,0],[0,-1,-1],[-4,-1,-4]);matrix([2],[-2],[0]);matrix([-2],[-3],[-3]);matrix()"
12,"matrix([1,-1,0],[-4,1,-3],[2,2,1]);matrix([1],[-1],[0]);matrix([-2],[-3],[-3]);matrix()"
13,"matrix([-2,1,-4],[0,-2,-2],[-3,2,-3]);matrix([-2],[1],[-4]);matrix([-3],[-2],[-4]);matrix()"
14,"matrix([0,-1,0],[-2,-1,1],[-2,2,2]);matrix([0],[-1],[0]);matrix([-3],[-4],[-3]);matrix()"
15,"matrix([-2,-3,1],[-4,-2,0],[2,2,-1]);matrix([-2],[-3],[1]);matrix([-3],[-4],[-2]);matrix()"
16,"matrix([-2,-3,2],[-2,2,-1],[1,1,0]);matrix([-2],[-3],[2]);matrix([-2],[-3],[-1]);matrix()"
17,"matrix([-1,-4,-4],[2,-4,-4],[-2,0,1]);matrix([-2],[2],[-1]);matrix([-2],[-1],[-2]);matrix()"
18,"matrix([1,0,2],[-2,1,-4],[-4,-2,-3]);matrix([1],[0],[2]);matrix([-1],[-2],[-1]);matrix()"
19,"matrix([-4,2,1],[-1,-4,-3],[-1,-3,-1]);matrix([-4],[2],[1]);matrix([-5],[-1],[-1]);matrix()"
20,"matrix([2,1,-4],[-3,-4,-4],[-3,-3,-2]);matrix([2],[1],[-4]);matrix([-1],[-2],[-5]);matrix()"
21,"matrix([0,1,-1],[0,-3,-2],[2,-1,-2]);matrix([0],[1],[-1]);matrix([-2],[-1],[-3]);matrix()"
22,"matrix([8,-8,10],[10,-2,0],[-8,-4,-2]);matrix([2],[10],[3]);matrix([-5],[-5],[-5]);matrix()"
23,"matrix([-2,-1,-1],[1,0,-1],[0,-1,-3]);matrix([-2],[-1],[-1]);matrix([-4],[-3],[-3]);matrix()"
24,"matrix([1,-3,0],[-1,1,-2],[-1,-2,1]);matrix([1],[-3],[0]);matrix([-2],[-4],[-3]);matrix()"
25,"matrix([1,-3,2],[2,-2,0],[-4,2,-2]);matrix([1],[-3],[2]);matrix([-2],[-5],[-1]);matrix()"
26,"matrix([-2,3,5],[1,2,5],[0,2,3]);matrix([-4],[-1],[-2]);matrix([-5],[-3],[-3]);matrix()"
27,"matrix([1,0,5],[1,4,1],[-2,-2,5]);matrix([-1],[-2],[2]);matrix([-3],[-4],[-1]);matrix()"
28,"matrix([-3,5,-1],[1,1,1],[0,3,-1]);matrix([-4],[2],[-2]);matrix([-5],[-1],[-4]);matrix()"
29,"matrix([4,3,-1],[-3,4,-3],[5,-2,-2]);matrix([1],[0],[-3]);matrix([-1],[-2],[-4]);matrix()"
30,"matrix([-2,-1,4],[-3,4,3],[1,3,5]);matrix([-4],[-3],[1]);matrix([-5],[-4],[-1]);matrix()"
