1,"matrix([-4,-8,-8],[1,5,9],[-3,-8,-9]);matrix([0,-7],[9,5],[-8,-2]);matrix([-6],[-6],[-7]);matrix([1,0,0],[0,0,1]);matrix()"
2,"matrix([-9,-10,-2],[6,-7,5],[4,-2,1]);matrix([0,-6],[3,-2],[0,-1]);matrix([-6],[-1],[-8]);matrix([1,0,0],[0,0,1]);matrix()"
3,"matrix([-5,7,8],[3,-9,-8],[-10,8,4]);matrix([-5,-2],[5,-1],[-3,2]);matrix([-9],[-9],[-2]);matrix([1,1,0],[0,1,0]);matrix()"
4,"matrix([2,2,5],[3,7,-3],[-8,-2,-8]);matrix([1,-2],[-3,0],[-1,7]);matrix([-4],[-6],[-3]);matrix([1,1,0],[0,1,0]);matrix()"
5,"matrix([-10,7,5],[7,5,-8],[-6,1,-3]);matrix([-7,0],[2,1],[9,3]);matrix([-3],[-1],[-8]);matrix([1,0,0],[1,1,0]);matrix()"
6,"matrix([-4,-9,-10],[3,3,-3],[9,6,7]);matrix([5,-6],[3,5],[6,-3]);matrix([-6],[-4],[-8]);matrix([1,0,0],[0,0,1]);matrix()"
7,"matrix([3,-6,-5],[-3,2,1],[7,6,-7]);matrix([7,7],[5,-7],[-2,4]);matrix([-9],[-1],[-6]);matrix([1,0,1],[0,0,1]);matrix()"
8,"matrix([-7,2,-2],[3,3,-5],[-6,-6,-6]);matrix([-9,3],[7,9],[4,-2]);matrix([-4],[-6],[-6]);matrix([0,0,1],[1,0,1]);matrix()"
9,"matrix([-8,-4,-2],[1,8,-4],[-8,5,-7]);matrix([-6,-3],[-9,-3],[-10,-6]);matrix([-4],[-2],[-5]);matrix([1,0,0],[1,0,1]);matrix()"
10,"matrix([-4,0,3],[3,1,3],[4,0,-2]);matrix([-5,9],[4,9],[-2,-9]);matrix([-5],[-6],[-3]);matrix([1,0,1],[0,0,1]);matrix()"
11,"matrix([-10,5,-9],[0,2,8],[-7,3,8]);matrix([-1,4],[0,-4],[3,9]);matrix([-9],[-3],[-7]);matrix([1,0,1],[0,0,1]);matrix()"
12,"matrix([-1,0,-4],[9,-8,-4],[0,4,6]);matrix([-9,-10],[-5,-9],[8,-2]);matrix([-2],[-8],[-1]);matrix([0,1,0],[1,1,0]);matrix()"
13,"matrix([0,1,5],[5,-6,-3],[-10,-10,4]);matrix([0,2],[2,8],[-3,-2]);matrix([-5],[-8],[-2]);matrix([0,1,0],[1,0,0]);matrix()"
14,"matrix([-3,-8,9],[2,-2,-8],[6,7,-8]);matrix([4,1],[7,6],[8,5]);matrix([-5],[-8],[-4]);matrix([0,0,1],[1,0,1]);matrix()"
15,"matrix([-3,-8,7],[6,-5,-2],[0,2,-4]);matrix([-2,4],[-1,2],[6,-5]);matrix([-7],[-8],[-3]);matrix([0,0,1],[1,0,1]);matrix()"
16,"matrix([-7,-1,-3],[-8,9,1],[-3,-8,4]);matrix([-5,1],[7,6],[-4,-4]);matrix([-3],[-6],[-9]);matrix([0,1,1],[0,0,1]);matrix()"
17,"matrix([8,-1,-9],[-10,5,-5],[-7,-1,-5]);matrix([-8,0],[-1,-10],[6,-4]);matrix([-6],[-2],[-5]);matrix([0,1,1],[0,0,1]);matrix()"
18,"matrix([2,0,-4],[3,-3,0],[6,7,7]);matrix([0,5],[8,2],[-3,-2]);matrix([-9],[-9],[-9]);matrix([0,1,1],[0,1,0]);matrix()"
19,"matrix([1,2,-2],[-10,6,0],[-4,1,1]);matrix([6,-10],[4,-4],[-2,-3]);matrix([-6],[-7],[-3]);matrix([0,1,1],[0,1,0]);matrix()"
20,"matrix([2,-2,-7],[2,-2,3],[-8,9,9]);matrix([0,6],[-4,2],[8,9]);matrix([-7],[-3],[-1]);matrix([0,0,1],[1,0,0]);matrix()"
21,"matrix([2,9,-8],[7,-6,-4],[-3,-4,5]);matrix([5,-8],[-4,-1],[-8,7]);matrix([-7],[-3],[-9]);matrix([0,0,1],[1,0,0]);matrix()"
22,"matrix([9,7,-10],[9,-9,4],[6,3,5]);matrix([2,-1],[2,-1],[-1,4]);matrix([-1],[-5],[-7]);matrix([1,0,1],[1,0,0]);matrix()"
23,"matrix([9,5,-4],[-7,4,-3],[1,-10,1]);matrix([3,7],[5,4],[-8,0]);matrix([-2],[-2],[-8]);matrix([1,0,1],[1,0,0]);matrix()"
24,"matrix([-1,-6,-4],[-5,-6,-8],[5,-6,-6]);matrix([9,2],[6,-5],[3,3]);matrix([-5],[-7],[-2]);matrix([1,0,0],[0,0,1]);matrix()"
25,"matrix([0,1,4],[0,-4,3],[-6,-9,-9]);matrix([7,1],[7,-5],[-4,6]);matrix([-6],[-7],[-5]);matrix([1,0,0],[0,0,1]);matrix()"
26,"matrix([-1,-2,-8],[-8,3,-7],[5,-9,7]);matrix([7,2],[-9,4],[6,-5]);matrix([-6],[-3],[-9]);matrix([1,0,0],[0,1,0]);matrix()"
27,"matrix([-7,-8,6],[7,-2,6],[3,-7,5]);matrix([-8,5],[3,2],[-2,7]);matrix([-2],[-4],[-6]);matrix([0,0,1],[0,1,0]);matrix()"
28,"matrix([-8,-6,-5],[2,-6,-8],[3,-3,9]);matrix([-2,-5],[5,0],[-2,1]);matrix([-3],[-9],[-4]);matrix([0,0,1],[0,1,0]);matrix()"
29,"matrix([7,8,8],[0,6,-3],[7,-7,4]);matrix([-4,-6],[-7,1],[-9,1]);matrix([-4],[-8],[-6]);matrix([1,0,0],[1,1,0]);matrix()"
30,"matrix([0,-10,1],[-2,-9,-9],[-6,1,5]);matrix([6,-9],[9,8],[0,-3]);matrix([-4],[-8],[-4]);matrix([1,0,0],[1,1,0]);matrix()"
