1,"matrix([-8,7,0],[1,0,0],[6,-9,-5]);matrix([-1],[7],[9]);matrix([-9],[-5],[-7]);matrix([1,0,0],[0,1,0]);matrix()"
2,"matrix([-6,-2,5],[-1,-8,4],[-3,8,-10]);matrix([-4],[-2],[3]);matrix([-3],[-7],[-6]);matrix([0,1,0],[0,1,1]);matrix()"
3,"matrix([-6,6,1],[0,3,-7],[0,9,5]);matrix([2],[6],[-10]);matrix([-5],[-6],[-4]);matrix([0,0,1],[0,1,1]);matrix()"
4,"matrix([-8,3,-7],[-2,0,-7],[-1,2,-1]);matrix([-10],[-10],[0]);matrix([-4],[-9],[-1]);matrix([0,1,0],[0,1,1]);matrix()"
5,"matrix([-2,0,6],[6,8,-2],[-5,-4,-6]);matrix([-1],[3],[-3]);matrix([-2],[-5],[-9]);matrix([1,1,0],[1,0,0]);matrix()"
6,"matrix([-6,-4,-5],[-6,2,3],[-2,7,9]);matrix([-1],[1],[2]);matrix([-8],[-4],[-3]);matrix([0,0,1],[0,1,1]);matrix()"
7,"matrix([-6,-8,0],[-6,-1,0],[5,-9,-6]);matrix([-1],[-9],[-6]);matrix([-6],[-9],[-1]);matrix([1,0,0],[0,1,0]);matrix()"
8,"matrix([-8,-4,-3],[-4,-8,-6],[9,9,-1]);matrix([5],[-5],[4]);matrix([-8],[-4],[-5]);matrix([1,0,0],[0,1,0]);matrix()"
9,"matrix([-10,-6,0],[6,-7,0],[6,-2,-8]);matrix([-1],[7],[-9]);matrix([-8],[-4],[-2]);matrix([1,0,0],[1,1,0]);matrix()"
10,"matrix([-9,2,2],[-4,-4,0],[-3,3,-8]);matrix([7],[-4],[2]);matrix([-4],[-8],[-9]);matrix([0,1,0],[0,1,1]);matrix()"
11,"matrix([6,-5,0],[-10,-3,0],[9,-10,-6]);matrix([1],[8],[-2]);matrix([-5],[-3],[-6]);matrix([1,1,0],[0,1,0]);matrix()"
12,"matrix([1,6,0],[-1,-9,0],[3,5,-9]);matrix([6],[-1],[-2]);matrix([-9],[-3],[-6]);matrix([1,1,0],[0,1,0]);matrix()"
13,"matrix([-4,-9,7],[0,-5,-6],[0,-7,-9]);matrix([2],[-7],[-6]);matrix([-4],[-2],[-9]);matrix([0,1,0],[0,1,1]);matrix()"
14,"matrix([-3,-6,4],[0,-5,-1],[0,-3,-2]);matrix([5],[9],[-4]);matrix([-5],[-6],[-3]);matrix([0,1,1],[0,1,0]);matrix()"
15,"matrix([0,-1,3],[8,-3,0],[-9,-9,-4]);matrix([9],[-5],[-9]);matrix([-7],[-2],[-7]);matrix([1,0,0],[0,0,1]);matrix()"
16,"matrix([-5,-4,2],[0,3,-7],[0,2,8]);matrix([-8],[-6],[5]);matrix([-5],[-6],[-5]);matrix([0,1,0],[0,1,1]);matrix()"
17,"matrix([-4,0,0],[-4,-10,5],[4,-2,-1]);matrix([3],[2],[8]);matrix([-8],[-1],[-7]);matrix([1,1,0],[0,1,0]);matrix()"
18,"matrix([-10,2,-2],[9,-6,3],[-4,1,-4]);matrix([0],[7],[3]);matrix([-7],[-3],[-10]);matrix([1,0,1],[0,0,1]);matrix()"
19,"matrix([-9,-1,-10],[0,-7,-7],[0,-4,9]);matrix([-9],[4],[-8]);matrix([-4],[-3],[-9]);matrix([0,0,1],[0,1,0]);matrix()"
20,"matrix([-7,9,0],[-1,-5,0],[-10,-9,-9]);matrix([4],[-1],[-5]);matrix([-9],[-4],[-5]);matrix([1,1,0],[0,1,0]);matrix()"
21,"matrix([-1,1,9],[0,-4,5],[0,-2,9]);matrix([-2],[1],[-8]);matrix([-1],[-7],[-4]);matrix([0,1,1],[0,0,1]);matrix()"
22,"matrix([-2,-10,-9],[0,-10,-1],[0,8,3]);matrix([9],[-6],[-5]);matrix([-2],[-6],[-1]);matrix([0,1,0],[0,1,1]);matrix()"
23,"matrix([-5,9,0],[-2,-6,-1],[3,9,7]);matrix([-3],[1],[2]);matrix([-2],[-6],[-8]);matrix([0,1,0],[0,0,1]);matrix()"
24,"matrix([5,0,9],[-8,-5,8],[-10,0,5]);matrix([-1],[-4],[-1]);matrix([-3],[-1],[-5]);matrix([1,0,0],[1,0,1]);matrix()"
25,"matrix([-6,0,0],[-6,-9,8],[-1,0,5]);matrix([1],[-5],[-7]);matrix([-2],[-9],[-6]);matrix([1,0,0],[0,0,1]);matrix()"
26,"matrix([5,0,4],[-3,-1,4],[-4,0,-8]);matrix([-4],[1],[3]);matrix([-1],[-2],[-3]);matrix([0,0,1],[1,0,0]);matrix()"
27,"matrix([2,0,-9],[-8,-5,-5],[3,0,2]);matrix([0],[-3],[9]);matrix([-5],[-5],[-1]);matrix([0,0,1],[1,0,1]);matrix()"
28,"matrix([-5,1,9],[-9,-7,9],[-2,-2,-8]);matrix([0],[-6],[-2]);matrix([-5],[-6],[-2]);matrix([0,1,0],[1,0,0]);matrix()"
29,"matrix([-8,0,5],[-5,-5,-8],[3,0,-1]);matrix([0],[-10],[-7]);matrix([-6],[-2],[-5]);matrix([1,0,0],[1,0,1]);matrix()"
30,"matrix([-2,6,3],[5,1,8],[1,-2,0]);matrix([5],[2],[-5]);matrix([-1],[-1],[-4]);matrix([1,0,1],[0,0,1]);matrix()"
