1,"matrix([0,1,5],[2,5,0],[4,-3,0]);matrix([1,0],[0,1],[1,1]);matrix([-1],[-2],[-3]);matrix([0,2,0],[3,0,0])"
2,"matrix([1,0,7],[2,5,8],[3,6,9]);matrix([7,1],[7,4],[5,-3]);matrix([-1],[-1],[-2]);matrix([-2,0,2],[0,0,1])"
3,"matrix([1,0,7],[2,-2,8],[-1,6,-4]);matrix([7,4],[2,4],[5,-3]);matrix([-1],[-2],[-2]);matrix([0,2,-2],[0,-3,1])"
4,"matrix([1,0,7],[2,-2,3],[-1,3,-4]);matrix([7,4],[2,3],[5,-3]);matrix([-1],[-2],[-3]);matrix([0,4,-2],[0,-3,1])"
5,"matrix([1,-5,7],[3,-2,3],[-1,3,-4]);matrix([7,-4],[-2,3],[5,-3]);matrix([-1],[-3],[-3]);matrix([-6,0,-2],[0,0,2])"
6,"matrix([1,-5,7],[4,3,-2],[-1,0,-4]);matrix([7,-4],[4,0],[-9,-3]);matrix([-2],[-3],[-3]);matrix([0,5,0],[2,-3,0])"
7,"matrix([1,-5,7],[4,2,-2],[-1,0,-4]);matrix([7,-4],[4,0],[-3,1]);matrix([-2],[-4],[-3]);matrix([0,5,-2],[0,-3,0])"
8,"matrix([5,-5,7],[2,2,-2],[-1,0,-3]);matrix([0,-4],[4,0],[-3,1]);matrix([-1],[-4],[-3]);matrix([0,2,0],[-2,-3,0])"
9,"matrix([1,3,5],[2,-2,5],[6,6,1]);matrix([-3,8],[0,5],[1,-1]);matrix([-3],[-2],[-1]);matrix([0,3,0],[2,0,0])"
10,"matrix([1,1,2],[3,3,-1],[-1,4,1]);matrix([2,1],[3,-1],[1,2]);matrix([-1],[-1],[-3]);matrix([0,2,-3],[0,-3,0])"
11,"matrix([3,1,2],[3,-2,-1],[-1,-2,1]);matrix([2,1],[-1,-2],[1,2]);matrix([-1],[-1],[-1]);matrix([1,3,0],[-2,-1,0])"
12,"matrix([3,1,2],[3,3,-1],[-1,-2,2]);matrix([2,3],[-1,-2],[-4,2]);matrix([-1],[-2],[-1]);matrix([1,0,-3],[-2,0,-1])"
13,"matrix([3,-2,2],[-2,3,-1],[2,-2,3]);matrix([2,2],[-4,-2],[3,2]);matrix([-1],[-2],[-2]);matrix([1,-3,0],[-2,-1,0])"
14,"matrix([3,-2,-1],[-2,4,-1],[-2,1,3]);matrix([2,-1],[2,-2],[-1,2]);matrix([-2],[-1],[-2]);matrix([1,0,2],[-2,0,-2])"
15,"matrix([1,-2,-1],[-2,-2,2],[-3,1,3]);matrix([2,-1],[-1,-2],[-1,3]);matrix([-1],[-1],[-2]);matrix([0,0,-3],[0,-1,-2])"
16,"matrix([-2,-2,-1],[-2,3,2],[-3,1,-1]);matrix([2,-1],[-1,-2],[-3,-1]);matrix([-1],[-1],[-2]);matrix([1,0,-3],[2,0,-1])"
17,"matrix([-2,-2,-1],[-1,-3,2],[-3,1,-2]);matrix([-1,-1],[2,-2],[-3,2]);matrix([-1],[-3],[-2]);matrix([0,-2,-3],[0,-2,3])"
18,"matrix([-2,-2,4],[-3,2,2],[2,1,-2]);matrix([-1,2],[-3,-2],[4,2]);matrix([-1],[-3],[-2]);matrix([-1,-2,0],[1,-4,0])"
19,"matrix([-2,-2,3],[-3,-3,2],[-2,1,-2]);matrix([-1,2],[5,-2],[-1,2]);matrix([-1],[-3],[-4]);matrix([-3,0,2],[1,0,3])"
20,"matrix([-2,-2,3],[-3,-4,2],[2,7,-2]);matrix([-1,-5],[3,-2],[-1,-1]);matrix([-1],[-4],[-4]);matrix([0,-2,2],[0,0,3])"
21,"matrix([-2,-2,4],[-2,-4,2],[1,7,-2]);matrix([-1,-5],[2,-2],[-1,-2]);matrix([-4],[-4],[-4]);matrix([0,-2,0],[0,-3,3])"
22,"matrix([-2,-2,4],[-2,-2,2],[1,7,-2]);matrix([-1,-5],[2,-2],[-1,-3]);matrix([-1],[-2],[-4]);matrix([6,0,0],[1,0,3])"
23,"matrix([-2,-2,3],[-2,-5,2],[2,3,-3]);matrix([-1,-5],[2,-3],[-1,-3]);matrix([-1],[-3],[-2]);matrix([0,-2,0],[0,6,3])"
24,"matrix([-2,-2,3],[-3,5,2],[2,3,-2]);matrix([-1,4],[2,-3],[-2,-3]);matrix([-1],[-3],[-3]);matrix([1,0,4],[1,0,3])"
25,"matrix([-3,-2,4],[-3,2,2],[2,3,-2]);matrix([-1,4],[1,-3],[-2,-3]);matrix([-3],[-3],[-3]);matrix([0,-2,-3],[0,0,2])"
26,"matrix([-3,-2,4],[-3,6,2],[2,-4,-2]);matrix([-1,4],[1,-1],[2,-3]);matrix([-3],[-1],[-3]);matrix([1,-2,0],[-1,4,0])"
27,"matrix([-3,-2,3],[-4,6,-2],[2,-4,1]);matrix([-1,2],[1,-1],[4,-3]);matrix([-3],[-2],[-3]);matrix([1,0,4],[-1,0,2])"
28,"matrix([-3,-2,3],[-4,0,-2],[2,-4,1]);matrix([-1,2],[0,-1],[4,-3]);matrix([-3],[-2],[-3]);matrix([0,-2,0],[0,-4,2])"
29,"matrix([-3,-2,3],[-4,0,-3],[3,-4,1]);matrix([-1,4],[0,-1],[-6,-3]);matrix([-3],[-4],[-3]);matrix([1,-2,0],[-2,-4,0])"
30,"matrix([-3,-2,3],[-4,1,-3],[0,-4,8]);matrix([-1,-2],[0,-1],[2,-3]);matrix([-2],[-1],[-3]);matrix([1,0,-3],[-2,0,2])"
