1,"matrix([1,-3,5],[-2,4,-1],[0,2,1]);matrix([2],[-1],[4]);matrix([-2,0],[0,0],[-4,0])"
2,"matrix([1,-3,5],[-2,4,-1],[0,2,1]);matrix([2],[-4],[7]);matrix([-2,0],[-3,0],[0,0])"
3,"matrix([1,3,8],[-2,-5,-1],[0,-3,2]);matrix([-2],[-1],[4]);matrix([-6,0],[-2,0],[0,0])"
4,"matrix([-3,-9,2],[7,-7,1],[9,0,2]);matrix([-3],[2],[-5]);matrix([-6,0],[0,0],[-1,0])"
5,"matrix([-3,-9,2],[7,-7,1],[9,0,2]);matrix([-3],[6],[0]);matrix([0,0],[-4,0],[-1,0])"
6,"matrix([-3,15,-9],[8,4,2],[-3,1,0]);matrix([-3],[4],[1]);matrix([0,0],[-4,0],[-1,0])"
7,"matrix([-1,2,3],[1,-2,3],[1,2,-3]);matrix([-1],[-2],[3]);matrix([-1,0],[0,0],[-3,0])"
8,"matrix([2,3,4],[1,3,-5],[3,2,7]);matrix([0],[2],[1]);matrix([-4,0],[0,0],[-1,0])"
9,"matrix([8,6,3],[-2,-11,7],[3,1,7]);matrix([-2],[0],[7]);matrix([-7,0],[0,0],[-1,0])"
10,"matrix([3,6,2],[-1,-8,6],[0,6,4]);matrix([-1],[10],[0]);matrix([0,0],[-2,0],[-5,0])"
11,"matrix([-3,6,-8],[3,12,0],[4,0,5]);matrix([0],[21],[0]);matrix([-2,0],[0,0],[-4,0])"
12,"matrix([-3,6,-8],[0,1,5],[0,4,-2]);matrix([0],[-10],[2]);matrix([0,0],[-1,0],[-4,0])"
13,"matrix([-2,5,-8],[9,0,2],[3,2,1]);matrix([-1],[0],[10]);matrix([0,0],[-2,0],[-4,0])"
14,"matrix([0,1,2],[3,4,1],[2,-2,-1]);matrix([0],[0],[-1]);matrix([-2,0],[0,0],[-3,0])"
15,"matrix([-2,-1,3],[4,-1,-8],[-7,0,1]);matrix([-2],[-10],[0]);matrix([-1,0],[-7,0],[0,0])"
16,"matrix([0,0,-2],[4,-1,9],[7,5,1]);matrix([-1],[0],[-9]);matrix([-1,0],[-7,0],[0,0])"
17,"matrix([0,0,-2],[4,-1,9],[7,5,1]);matrix([-7],[0],[-9]);matrix([0,0],[-7,0],[-1,0])"
18,"matrix([-2,2,-2],[1,-1,1],[3,-4,3]);matrix([-10],[-3],[5]);matrix([-3,0],[-7,0],[0,0])"
19,"matrix([10,1,10],[-1,10,-10],[1,-1,1]);matrix([1],[2],[3]);matrix([-1,0],[-2,0],[0,0])"
20,"matrix([1,-3,5],[-2,4,-1],[0,2,1]);matrix([2],[-1],[4]);matrix([-2,-3],[-2,3],[0,0])"
21,"matrix([10,1,10],[-1,10,-10],[1,-1,1]);matrix([1],[2],[3]);matrix([-1,2],[-1,-2],[0,0])"
22,"matrix([-2,-1,2],[2,1,-3],[-4,2,0]);matrix([-2],[2],[-10]);matrix([-1,2],[-1,-2],[0,0])"
23,"matrix([2,9,8],[6,-7,1],[10,0,2]);matrix([-1],[8],[7]);matrix([-3,1],[-3,-1],[0,0])"
24,"matrix([2,2,1],[10,1,2],[2,-1,-2]);matrix([-2],[-1],[10]);matrix([0,0],[-1,2],[-1,-2])"
25,"matrix([-2,2,0],[3,-1,1],[4,-3,3]);matrix([4],[8],[1]);matrix([-2,1],[-2,-1],[0,0])"
26,"matrix([3,-9,6],[8,5,1],[2,-6,4]);matrix([7],[-6],[4]);matrix([0,0],[-4,-1],[-4,1])"
27,"matrix([7,8,3],[-3,3,9],[4,2,3]);matrix([5],[-1],[9]);matrix([-1,4],[-1,-4],[0,0])"
28,"matrix([7,4,2],[5,-9,9],[2,-3,2]);matrix([-2],[8],[7]);matrix([-2,2],[-2,-2],[0,0])"
29,"matrix([9,-5,2],[0,7,-8],[6,4,7]);matrix([7],[5],[3]);matrix([-1,3],[-1,-3],[0,0])"
30,"matrix([7,-3,6],[-4,5,-3],[9,-4,9]);matrix([9],[-2],[-4]);matrix([-3,-2],[-3,2],[0,0])"
