1,"matrix([1,1,2],[3,-1,-1],[-1,2,1]);matrix([1,2,1],[-1,-1,2],[2,1,-1]);matrix([-2,1],[-2,-1],[-1,0]);matrix([-2,0],[-4,0],[0,-3],[0,-0.5],[-6,0],[-0.2,0],[-4.5,0],[0,0.6],[-3.2,0])"
2,"matrix([1,1,0],[3,-1,-1],[-1,0,1]);matrix([1,2,1],[0,-1,2],[2,1,-1]);matrix([-2,2],[-2,-2],[-3,0]);matrix([-1,0],[-4,0],[0,4],[0,2],[-6,0],[-0.2,0],[-4.5,0],[0,0.7],[-1.5,0])"
3,"matrix([1,1,2],[3,-1,-1],[-1,2,1]);matrix([1,2,1],[-1,-1,2],[2,1,-1]);matrix([-1,0],[-2,0],[-4,0]);matrix([-1.3,0],[0,4],[-4.4,0],[-6,0],[-0.3,0],[0,2.2],[0,-3],[-4.5,0],[-1.5,0])"
4,"matrix([1,1,2],[3,-1,-1],[-1,2,1]);matrix([1,2,1],[-1,-1,2],[2,1,-1]);matrix([-1,3],[-1,-3],[-1,0]);matrix([-0.1,0],[0,3],[-3,0],[-0.5,0],[-0.2,0],[0,-2.6],[0,-0.2],[-4.5,0],[-1.5,0])"
5,"matrix([1,1,2],[3,-1,-1],[-1,2,1]);matrix([1,2,1],[-1,-1,2],[2,1,-1]);matrix([-2,1],[-2,-1],[-1,0]);matrix([-0.1,0],[0,3],[-3,0],[-0.5,0],[-0.2,0],[0,-2.6],[0,-0.2],[-4.5,0],[-1.5,0])"
6,"matrix([-1,2,2],[3,-1,1],[0,3,2]);matrix([0,3,1],[-1,1,-2],[2,2,-1]);matrix([-1,1],[-1,-1],[-4,0]);matrix([-2.7,0],[0,-2.3],[-1,0],[-6,0],[-0.2,0],[0,1.3],[0,-5],[-3,0],[-2,0])"
7,"matrix([-1,2,2],[3,-1,1],[0,3,2]);matrix([0,3,1],[-1,1,-2],[2,2,-1]);matrix([-1,0],[-2,0],[-3,0]);matrix([-2.3,0],[0,4],[-3.1,0],[-6,0],[-0.2,0],[0,-2],[0,0.6],[-4.5,0],[-1.5,0])"
8,"matrix([-1,2,2],[3,-1,1],[0,3,2]);matrix([0,3,1],[-1,1,-2],[2,2,-1]);matrix([-2,1],[-2,-1],[-3,0]);matrix([-2,0],[0,-0.8],[-3.1,0],[-2.9,0],[-0.2,0],[0,2.5],[0,0.6],[-1.5,0],[-1.7,0])"
9,"matrix([-1,2,2],[3,-1,1],[0,3,2]);matrix([0,3,1],[-1,1,-2],[2,2,-1]);matrix([-1,0],[-2,0],[-3,0]);matrix([-2.7,0],[0,4],[-3.3,0],[-6,0],[-0.2,0],[0,-2],[0,0.6],[-4.5,0],[-1.5,0])"
10,"matrix([1,0,-2],[0,2,-3],[-4,2,1]);matrix([1,2,3],[-1,1,2],[0,1,-1]);matrix([-1,1],[-1,-1],[-4,0]);matrix([-2.7,0],[0,-2.3],[-1,0],[-6,0],[-0.2,0],[0,1.3],[0,-5],[-3,0],[-2,0])"
11,"matrix([1,0,-2],[0,2,-3],[-4,2,1]);matrix([1,2,3],[-1,1,2],[0,1,-1]);matrix([-2,1],[-2,-1],[-1,0]);matrix([-3,0],[0,1],[-2,0],[-4.5,0],[-0.2,0],[0,-0.3],[0,2],[-1.1,0],[-0.4,0])"
12,"matrix([1,0,-2],[0,2,-3],[-4,2,1]);matrix([1,2,3],[-1,1,2],[0,1,-1]);matrix([-2,0],[-4,0],[-1,0]);matrix([-3,0],[0,-1],[-2.6,0],[-4.5,0],[-0.2,0],[0,-3],[0,2],[-1.9,0],[-0.7,0])"
13,"matrix([-2,1,-2],[2,0,2],[-1,1,-3]);matrix([1,-2,0],[0,3,1],[2,-1,-1]);matrix([-2,0],[-4,0],[-1,0]);matrix([-3,0],[0,-1],[-2.6,0],[-4.5,0],[-0.2,0],[0,-3],[0,2],[-1.9,0],[-0.7,0])"
14,"matrix([-2,1,-2],[2,0,2],[-1,1,-3]);matrix([1,-2,0],[0,3,1],[2,-1,-1]);matrix([-2,1],[-2,-1],[-1,0]);matrix([-2,0],[0,0.4],[-2.6,0],[-3.1,0],[-0.6,0],[0,2],[0,-2.5],[-1.9,0],[-1.2,0])"
15,"matrix([-2,1,-2],[2,0,2],[-1,1,-3]);matrix([1,-2,0],[0,3,1],[2,-1,-1]);matrix([-1,2],[-1,-2],[-3,0]);matrix([-1,0],[0,4],[-2.6,0],[-1.3,0],[-0.9,0],[0,-2.1],[0,1.1],[-1.9,0],[-2,0])"
16,"matrix([1,0,-2],[0,2,0],[-4,2,-1]);matrix([1,0,3],[-1,1,2],[0,1,-1]);matrix([-1,1],[-1,-1],[-2,0]);matrix([-2.7,0],[0,-2.3],[-1,0],[-5,0],[-0.2,0],[0,-0.1],[0,2],[-4,0],[-1.3,0])"
17,"matrix([1,1,2],[3,-1,-1],[-1,2,1]);matrix([1,2,1],[-1,-1,2],[2,1,-1]);matrix([-2,1],[-2,-1],[-1,0]);matrix([-2,0],[0,-3],[-4,0],[-6,0],[-0.2,0],[0,-0.5],[0,0.6],[-4.5,0],[-3.2,0])"
18,"matrix([-1,0,2],[3,-1,-1],[0,2,2]);matrix([1,0,2],[0,-1,2],[2,3,-1]);matrix([-2,1],[-2,-1],[-3,0]);matrix([-1.5,0],[-0.6,0],[0,1.7],[0,-0.5],[-6,0],[-4,0],[-4.5,0],[0,2],[-2.3,0])"
19,"matrix([2,1,2],[0,-1,-1],[-1,2,4]);matrix([-2,2,0],[0,-1,2],[2,3,-1]);matrix([-2,0],[-3,0],[-1,0]);matrix([-2.4,0],[-4,0],[0,-2.6],[0,2],[-4.9,0],[-0.2,0],[-2.5,0],[0,1],[-3.2,0])"
20,"matrix([1,1,2],[3,2,-1],[-1,0,4]);matrix([1,2,1],[3,0,2],[2,3,-1]);matrix([-3,2],[-3,-2],[-1,0]);matrix([-2.4,0],[-4,0],[0,-2.6],[0,2],[-4.9,0],[-0.2,0],[-2.5,0],[0,1],[-3.2,0])"
21,"matrix([1,0,-2],[0,2,0],[-4,2,-1]);matrix([1,0,3],[-1,1,2],[0,1,-1]);matrix([-1,2],[-1,-2],[-3,0]);matrix([-2.7,0],[0,-2.6],[-1.5,0],[-5,0],[-0.4,0],[0,-0.3],[0,2],[-4,0],[-2,0])"
22,"matrix([2,0,-2],[0,3,4],[-4,2,-1]);matrix([1,0,3],[-1,3,2],[0,1,-1]);matrix([-2,2],[-2,-2],[-3,0]);matrix([-2.7,0],[0,-2.6],[-1.5,0],[-5,0],[-0.4,0],[0,-0.3],[0,2],[-4,0],[-2,0])"
23,"matrix([1,1,2],[3,-1,-1],[-1,2,1]);matrix([1,2,1],[-1,-1,2],[2,1,-1]);matrix([-2,1],[-2,-1],[-4,0]);matrix([-2,0],[0,-3],[-4.5,0],[-6,0],[-0.2,0],[0,-0.5],[0,2],[-4.5,0],[-3,0])"
24,"matrix([1,0,2],[3,-1,0],[2,3,1]);matrix([1,2,4],[-1,0,2],[2,1,3]);matrix([-2,1],[-2,-1],[-1,0]);matrix([-2,0],[0,-3],[-4,0],[-6,0],[-0.2,0],[0,-0.5],[0,0.6],[-4.5,0],[-3,0])"
25,"matrix([-1,0,2],[3,-1,-1],[0,2,2]);matrix([1,0,2],[0,-1,2],[2,3,-1]);matrix([-4,1],[-4,-1],[-3,0]);matrix([-2.5,0],[-1,0],[0,-3],[0,-0.5],[-6,0],[-4,0],[-4.5,0],[0,2],[-2.3,0])"
26,"matrix([-1,5,2],[1,-1,0],[0,2,2]);matrix([1,0,3],[4,-1,2],[2,6,-1]);matrix([-4,2],[-4,-2],[-2,0]);matrix([-2.5,0],[-1,0],[0,-3],[0,-0.5],[-6,0],[-4,0],[-4.5,0],[0,2],[-2.3,0])"
27,"matrix([2,1,2],[0,-1,-1],[-1,2,4]);matrix([-2,2,0],[0,-1,2],[2,3,-1]);matrix([-1,0],[-3,0],[-4,0]);matrix([-2.4,0],[-5,0],[0,-2.6],[0,3],[-4.5,0],[-0.2,0],[-2,0],[0,1.5],[-3.2,0])"
28,"matrix([2,0,4],[0,3,6],[-1,-5,4]);matrix([5,2,7],[0,-1,2],[2,3,0]);matrix([-1,1],[-1,-1],[-4,0]);matrix([-2.4,0],[-5,0],[0,-2.6],[0,3],[-4.5,0],[-0.2,0],[-2,0],[0,1.5],[-3.2,0])"
29,"matrix([1,1,2],[3,2,-1],[-1,0,4]);matrix([1,2,1],[3,0,2],[2,3,-1]);matrix([-3,0],[-5,0],[-1,0]);matrix([-3.4,0],[-4,0],[0,-2.6],[0,2],[-4.5,0],[-0.2,0],[-2,0],[0,5],[-3.2,0])"
30,"matrix([1,6,0],[-7,2,-1],[-1,0,5]);matrix([0,3,5],[3,1,2],[2,3,-1]);matrix([-3,-1],[-3,1],[-1,0]);matrix([-3.4,0],[-4,0],[0,-2.6],[0,2],[-4.5,0],[-0.2,0],[-2,0],[0,5],[-3.2,0])"
