1,"matrix([6,-4,9],[-9,3,-5],[5,1,-3]);matrix([0],[0],[1]);matrix([-8],[-10],[-4]);matrix([1,0,0])"
2,"matrix([-8,1,8],[2,-5,4],[0,-10,-6]);matrix([0],[0],[1]);matrix([-8],[-2],[-7]);matrix([0,1,0])"
3,"matrix([6,3,9],[-3,-1,-5],[-9,-8,-4]);matrix([0],[0],[1]);matrix([-9],[-5],[-8]);matrix([1,0,0])"
4,"matrix([-3,9,4],[2,1,-2],[0,8,-5]);matrix([0],[0],[1]);matrix([-10],[-10],[-3]);matrix([0,1,0])"
5,"matrix([-9,-5,7],[-7,-10,3],[-6,1,-2]);matrix([0],[0],[1]);matrix([-2],[-3],[-6]);matrix([0,1,0])"
6,"matrix([-10,8,2],[6,-4,8],[1,-9,8]);matrix([0],[0],[1]);matrix([-2],[-10],[-6]);matrix([0,1,0])"
7,"matrix([0,5,-10],[5,2,7],[3,-5,-6]);matrix([0],[0],[1]);matrix([-7],[-5],[-4]);matrix([0,1,0])"
8,"matrix([2,6,-2],[8,-4,5],[7,-8,0]);matrix([0],[0],[1]);matrix([-10],[-2],[-5]);matrix([0,1,0])"
9,"matrix([-7,7,-4],[-10,4,3],[5,-8,0]);matrix([0],[0],[1]);matrix([-3],[-6],[-3]);matrix([1,0,0])"
10,"matrix([1,3,9],[3,-4,6],[1,1,4]);matrix([0],[0],[1]);matrix([-1],[-9],[-2]);matrix([1,0,0])"
11,"matrix([1,-3,9],[3,-4,6],[1,1,4]);matrix([0],[0],[1]);matrix([-8],[-4],[-2]);matrix([1,0,0])"
12,"matrix([-6,1,0],[5,-8,1],[0,0,-3]);matrix([0],[0],[1]);matrix([-5],[-5],[-7]);matrix([1,0,0])"
13,"matrix([4,2,-4],[1,-3,-5],[9,8,-7]);matrix([0],[0],[1]);matrix([-1],[-2],[-2]);matrix([0,1,0])"
14,"matrix([-7,-1,-7],[0,-1,-2],[6,-4,7]);matrix([0],[0],[1]);matrix([-9],[-9],[-10]);matrix([0,1,0])"
15,"matrix([7,1,8],[6,8,-7],[-3,-6,9]);matrix([0],[0],[1]);matrix([-10],[-4],[-10]);matrix([0,1,0])"
16,"matrix([7,-5,-3],[8,-4,5],[-6,-8,-4]);matrix([0],[0],[1]);matrix([-9],[-7],[-5]);matrix([0,1,0])"
17,"matrix([1,4,0],[-10,6,-3],[4,8,-2]);matrix([0],[0],[1]);matrix([-3],[-7],[-3]);matrix([0,0,1])"
18,"matrix([0,9,-1],[-3,-1,0],[2,6,5]);matrix([0],[0],[1]);matrix([-2],[-9],[-10]);matrix([1,0,0])"
19,"matrix([-6,3,-8],[1,-6,-1],[9,-8,9]);matrix([0],[0],[1]);matrix([-2],[-3],[-10]);matrix([1,0,0])"
20,"matrix([6,7,-4],[9,0,-1],[-10,3,-1]);matrix([0],[0],[1]);matrix([-5],[-5],[-9]);matrix([1,0,0])"
21,"matrix([1,-2,5],[-9,1,0],[-1,8,-2]);matrix([0],[0],[1]);matrix([-3],[-5],[-5]);matrix([0,0,1])"
22,"matrix([-1,1,-2],[-9,-8,6],[-5,-2,-9]);matrix([0],[0],[1]);matrix([-7],[-5],[-6]);matrix([0,1,0])"
23,"matrix([1,5,-8],[2,2,-5],[-6,5,9]);matrix([0],[0],[1]);matrix([-9],[-7],[-5]);matrix([0,1,0])"
24,"matrix([3,-6,0],[-9,-10,-7],[-5,-2,8]);matrix([0],[0],[1]);matrix([-4],[-5],[-8]);matrix([1,0,0])"
25,"matrix([9,-5,-10],[5,-3,-4],[-4,-8,3]);matrix([0],[0],[1]);matrix([-8],[-7],[-4]);matrix([1,0,0])"
26,"matrix([-1,-8,0],[6,-5,-10],[-1,-1,-8]);matrix([0],[0],[1]);matrix([-9],[-8],[-10]);matrix([0,0,1])"
27,"matrix([8,6,-5],[7,5,7],[3,-3,-2]);matrix([0],[0],[1]);matrix([-1],[-3],[-1]);matrix([0,1,0])"
28,"matrix([2,9,6],[1,8,-3],[7,0,-7]);matrix([0],[0],[1]);matrix([-1],[-4],[-7]);matrix([1,0,0])"
29,"matrix([-1,6,-3],[5,-1,-9],[-2,5,1]);matrix([0],[0],[1]);matrix([-1],[-8],[-5]);matrix([0,1,0])"
30,"matrix([1,-8,-3],[-8,2,-4],[-5,1,6]);matrix([0],[0],[1]);matrix([-6],[-8],[-5]);matrix([0,1,0])"
