1,"matrix([-1,8,-9,-5],[3,3,-8,-3],[6,-10,0,1],[-9,8,9,0]);matrix([-9,-4],[9,-2],[-2,0],[-2,-2]);matrix([0,0,0,1],[0,0,1,0]);matrix([-8,-5,0,0]);matrix([-2])"
2,"matrix([3,-1,0,-2],[5,7,-3,3],[7,1,-6,-9],[-6,-4,7,-5]);matrix([2,5],[1,-10],[-6,-5],[-9,2]);matrix([0,0,1,0],[1,0,0,0]);matrix([0,-10,0,-7]);matrix([-4])"
3,"matrix([-4,2,-5,8],[1,4,5,-9],[1,-4,-8,-6],[9,8,1,6]);matrix([8,2],[-10,-7],[2,0],[-1,-7]);matrix([0,0,1,0],[1,0,0,0]);matrix([0,-9,0,8]);matrix([-6])"
4,"matrix([6,-2,9,8],[-10,-1,-8,-5],[-1,-9,-5,-9],[4,4,5,6]);matrix([-3,4],[-7,9],[5,1],[5,5]);matrix([0,0,1,0],[1,0,0,0]);matrix([0,4,0,-5]);matrix([-7])"
5,"matrix([7,8,-1,-4],[-2,-1,1,-5],[-4,-3,-3,-10],[6,-2,1,1]);matrix([8,-5],[0,5],[0,1],[-10,4]);matrix([1,0,0,0],[0,0,1,0]);matrix([0,1,0,-9]);matrix([-5])"
6,"matrix([8,6,-3,-7],[-5,-6,-10,2],[-3,4,8,8],[0,6,-4,0]);matrix([-2,-2],[1,9],[2,-6],[0,-6]);matrix([0,0,0,1],[0,0,1,0]);matrix([-10,-8,0,0]);matrix([-1])"
7,"matrix([0,9,-2,4],[7,-1,3,-8],[-9,-9,5,-2],[-2,5,-9,-10]);matrix([-1,-7],[9,3],[-2,-6],[-3,-8]);matrix([0,0,0,1],[0,0,1,0]);matrix([-8,-5,0,0]);matrix([-8])"
8,"matrix([-10,-5,0,-3],[-6,2,-4,-8],[8,-8,6,0],[5,1,1,4]);matrix([-4,6],[7,-7],[9,-2],[0,-3]);matrix([0,0,0,1],[1,0,0,0]);matrix([0,1,4,0]);matrix([-1])"
9,"matrix([-1,3,4,1],[1,-6,1,8],[-5,4,-5,5],[9,2,8,-4]);matrix([4,2],[-4,5],[-7,-7],[4,-7]);matrix([0,1,0,0],[0,0,1,0]);matrix([-9,0,0,6]);matrix([-3])"
10,"matrix([-4,3,2,4],[-10,-7,-9,-2],[-4,-2,-7,-4],[-3,-5,2,-3]);matrix([8,4],[5,-8],[0,1],[-9,0]);matrix([0,1,0,0],[0,0,1,0]);matrix([6,0,0,9]);matrix([-1])"
11,"matrix([7,-3,-2,-6],[-7,-7,0,1],[2,-4,3,-10],[-9,8,-2,0]);matrix([-10,-4],[9,-4],[-5,-1],[4,8]);matrix([0,1,0,0],[0,0,0,1]);matrix([8,0,2,0]);matrix([-1])"
12,"matrix([-5,-9,9,2],[-4,2,-8,-5],[-9,-3,-3,-3],[3,-10,1,7]);matrix([-4,5],[5,0],[0,5],[5,-6]);matrix([0,0,0,1],[0,0,1,0]);matrix([1,-10,0,0]);matrix([-1])"
13,"matrix([4,-10,-9,4],[-10,7,1,8],[3,5,-10,-4],[-9,9,-8,1]);matrix([-1,-9],[2,-6],[-4,4],[-4,-8]);matrix([0,1,0,0],[1,0,0,0]);matrix([0,0,-5,3]);matrix([-6])"
14,"matrix([-7,3,4,1],[-9,7,8,-4],[-5,5,3,-2],[6,-9,3,6]);matrix([-2,-8],[2,-10],[-7,8],[1,-10]);matrix([0,0,1,0],[1,0,0,0]);matrix([0,-5,0,-9]);matrix([-6])"
15,"matrix([-10,-6,7,-8],[7,-2,9,-2],[-8,-9,5,2],[4,7,9,3]);matrix([-3,-6],[7,-4],[-2,-8],[-7,7]);matrix([0,0,1,0],[0,1,0,0]);matrix([-6,0,0,-5]);matrix([-8])"
16,"matrix([-8,-4,-6,3],[-10,-6,-2,6],[-9,9,2,6],[4,-7,8,5]);matrix([7,-5],[-10,4],[-6,1],[-4,4]);matrix([1,0,0,0],[0,0,1,0]);matrix([0,-5,0,6]);matrix([-6])"
17,"matrix([5,1,-7,-2],[-2,-10,-4,-6],[8,-9,-2,0],[-5,-6,2,-3]);matrix([8,5],[8,2],[4,9],[5,-10]);matrix([0,1,0,0],[1,0,0,0]);matrix([0,0,9,2]);matrix([-2])"
18,"matrix([2,-9,6,5],[-7,-9,5,-10],[-1,3,-6,-6],[7,-4,0,8]);matrix([2,5],[-7,-1],[-5,3],[-8,5]);matrix([0,0,0,1],[1,0,0,0]);matrix([0,7,-5,0]);matrix([-7])"
19,"matrix([-4,4,3,-5],[6,1,9,8],[-4,-10,7,-10],[-8,-9,-1,-3]);matrix([-9,6],[6,-4],[3,9],[-10,-4]);matrix([1,0,0,0],[0,0,1,0]);matrix([0,1,0,7]);matrix([-8])"
20,"matrix([9,-6,-10,-10],[8,3,-2,6],[9,-6,-10,6],[4,9,8,7]);matrix([-7,9],[6,5],[-10,8],[-8,-7]);matrix([1,0,0,0],[0,1,0,0]);matrix([0,0,-1,-5]);matrix([-5])"
21,"matrix([-7,-4,-2,7],[-7,-2,-1,4],[5,-7,3,-5],[-6,9,1,-4]);matrix([-4,4],[-10,6],[7,-4],[3,-9]);matrix([0,0,1,0],[0,1,0,0]);matrix([7,0,0,-1]);matrix([-3])"
22,"matrix([0,2,-6,-6],[7,7,7,-8],[-8,-1,3,4],[1,-6,9,-4]);matrix([-8,1],[8,7],[-5,2],[-7,8]);matrix([0,0,0,1],[1,0,0,0]);matrix([0,-4,-2,0]);matrix([-8])"
23,"matrix([-2,0,-8,-7],[1,-8,-1,-5],[2,5,-7,1],[9,-10,2,-1]);matrix([5,-7],[7,5],[-1,6],[0,-1]);matrix([0,0,1,0],[1,0,0,0]);matrix([0,-9,0,-5]);matrix([-1])"
24,"matrix([5,5,-1,7],[-4,-10,-5,3],[-8,8,-1,-2],[7,-7,4,4]);matrix([0,-2],[8,-5],[-10,-6],[0,4]);matrix([1,0,0,0],[0,0,0,1]);matrix([0,-10,2,0]);matrix([-3])"
25,"matrix([1,-4,-7,-5],[-5,-9,6,9],[7,3,6,4],[-8,5,-7,1]);matrix([7,-3],[4,6],[-3,9],[6,-1]);matrix([0,0,1,0],[0,1,0,0]);matrix([4,0,0,1]);matrix([-4])"
26,"matrix([6,4,-2,-7],[-2,-2,-10,-10],[4,3,-5,5],[-7,-10,4,9]);matrix([-4,-5],[-7,-5],[-10,5],[9,-3]);matrix([0,0,1,0],[1,0,0,0]);matrix([0,4,0,-4]);matrix([-5])"
27,"matrix([-9,9,-2,7],[-7,-8,6,-10],[9,-3,-8,0],[6,-4,7,9]);matrix([7,3],[0,-4],[6,4],[3,0]);matrix([1,0,0,0],[0,1,0,0]);matrix([0,0,7,-2]);matrix([-2])"
28,"matrix([8,2,2,5],[7,-5,7,-1],[3,-10,-7,-10],[-7,-1,9,-2]);matrix([2,6],[-9,-1],[8,-3],[2,-2]);matrix([0,0,1,0],[0,1,0,0]);matrix([-10,0,0,4]);matrix([-6])"
29,"matrix([3,4,-6,-8],[8,2,-9,3],[-3,-6,2,0],[9,-4,-7,8]);matrix([-9,6],[4,-10],[6,-10],[9,4]);matrix([1,0,0,0],[0,0,1,0]);matrix([0,2,0,-8]);matrix([-6])"
30,"matrix([5,4,8,6],[3,-4,-8,-7],[-6,-8,8,-10],[-5,4,-6,-8]);matrix([4,0],[7,-6],[-1,8],[-5,1]);matrix([0,0,0,1],[0,0,1,0]);matrix([-2,-3,0,0]);matrix([-7])"
